> gui.mvntest()
[1] "mystery2" "99"       ".05"     
$Interesting.directions
         [,1]        [,2]         [,3]        [,4]        [,5]        [,6]
u1  0.2747276  0.53071007 -0.374537180 -0.52544876 -0.19613535 -0.34957737
u1  0.3332017 -0.02549493 -0.032489927  0.72646960  0.07701688 -0.07604285
u1 -0.5457714 -0.44677588 -0.035516787  0.25799433  0.41594031 -0.15656565
u1  0.2100821  0.37052838 -0.003292029  0.05176298  0.60929636 -0.09736062
u1  0.5266294  0.61429354  0.297142345  0.02814707  0.27070239  0.21144523
u1 -0.2724917  0.25136597  0.027189454  0.31033272  0.24522162 -0.19927708
          [,7]        [,8]
u1 -0.25301589 -0.04250442
u1  0.51429871 -0.28860984
u1  0.38163525  0.30255218
u1  0.15718387  0.64066847
u1 -0.06087682  0.36677547
u1  0.80755326 -0.11632072

$rejectingplots
[1] 18 19 31 65 85 92

$pvals
 [1] 0.493333333 1.000000000 1.000000000 0.580000000 0.833333333 0.970000000
 [7] 0.193333333 0.453333333 0.600000000 0.870000000 0.006666667 0.806666667
[13] 0.686666667 0.196666667 1.000000000 0.916666667 0.013333333 0.000000000
[19] 0.000000000 0.043333333 0.836666667 0.996666667 0.330000000 0.553333333
[25] 0.286666667 0.006666667 0.003333333 0.586666667 0.810000000 0.526666667
[31] 0.000000000 0.410000000 0.966666667 0.806666667 0.900000000 0.223333333
[37] 0.360000000 0.220000000 0.826666667 0.796666667 0.280000000 1.000000000
[43] 0.803333333 0.926666667 0.003333333 0.086666667 1.000000000 1.000000000
[49] 0.193333333 1.000000000 0.470000000 0.056666667 0.953333333 0.420000000
[55] 0.693333333 1.000000000 0.590000000 0.836666667 0.413333333 0.753333333
[61] 0.690000000 0.220000000 0.066666667 0.020000000 0.000000000 0.113333333
[67] 0.770000000 0.513333333 0.366666667 0.093333333 0.783333333 0.540000000
[73] 1.000000000 0.820000000 1.000000000 0.890000000 0.813333333 0.983333333
[79] 1.000000000 0.553333333 0.896666667 0.550000000 0.366666667 0.996666667
[85] 0.000000000 0.526666667 0.180000000 0.080000000 0.320000000 0.013333333
[91] 0.340000000 0.000000000 0.826666667 0.533333333 0.753333333 0.623333333
[97] 0.963333333 0.696666667 0.436666667

> interesting = gui.mvntest()$Interesting.directions
[1] "mystery2" "99"       ".05"

> orth = gui.orth()
[1] "interesting"
           [,1]      [,2]     [,3]      [,4]      [,5]       [,6]      [,7]
[1,] 0.09343302 0.6747171 0.263041 0.1681949 0.4610614 -0.3068197 0.2562679
          [,8]
[1,] 0.2572116
> orth
              [,1]        [,2]        [,3]       [,4]        [,5]        [,6]
 [1,]  0.093433016  0.67471713  0.26304097  0.1681949  0.46106140 -0.30681972
 [2,]  0.035086979  0.08172895  0.85792829 -0.3482203 -0.14314737  0.21372338
 [3,] -0.438947586  0.24514807 -0.06460799  0.3637742  0.32566803  0.61202588
 [4,] -0.003966723 -0.33131626  0.27285310  0.5216652 -0.04126112  0.01424093
 [5,] -0.014896913  0.51540271 -0.15732798  0.1510654 -0.56021614 -0.28264525
 [6,] -0.560833591 -0.22034518  0.27795602  0.3360517 -0.09531616 -0.49225047
 [7,]  0.652794027 -0.17240777  0.07655861  0.3897540  0.25526525 -0.12511767
 [8,]  0.237596675  0.15586131  0.09095395  0.3979034 -0.52065480  0.38412525
 [9,]  0.510534328 -0.26636574  0.46614004  0.4439429  0.24694323  0.23861931
[10,] -0.510534328  0.26636574 -0.46614004 -0.4439429 -0.24694323 -0.23861931
             [,7]       [,8]
 [1,]  0.25626790  0.2572116
 [2,] -0.15368746 -0.2121373
 [3,] -0.25530461 -0.2547662
 [4,]  0.66312620 -0.3193568
 [5,] -0.08299862 -0.5347392
 [6,] -0.37456315  0.2345851
 [7,] -0.50739698 -0.2193163
 [8,] -0.03394267  0.5769485
 [9,] -0.26636574 -0.2552672
[10,]  0.26636574  0.2552672

> gui.explore()